odkurzacz
elektryczny
123.000000
0
id: 0
toyota
yaris
2004.000000
3
id: 0
mikser
fajny
0.000000
3
id: 1


0.000000
3
id: 2


0.000000
3
id: 3


0.000000
3
id: 4


0.000000
3
id: 5


0.000000
3
id: 6


0.000000
3
id: 7


0.000000
3
id: 8


0.000000
3
id: 9


0.000000
3
id: 10


0.000000
3
id: 11


0.000000
3
id: 12


0.000000
3
id: 13


0.000000
3
id: 14


0.000000
3
id: 15


0.000000
3
id: 16


0.000000
3
id: 17


0.000000
3
id: 18


0.000000
3
id: 19


0.000000
3
id: 20


0.000000
3
id: 21


0.000000
3
id: 22


0.000000
3
id: 23


0.000000
3
id: 24


0.000000
3
id: 25


0.000000
3
id: 26


0.000000
3
id: 27


0.000000
3
id: 28


0.000000
3
id: 29


0.000000
3
id: 30


0.000000
3
id: 31


0.000000
3
id: 32


0.000000
3
id: 33


0.000000
3
id: 34


0.000000
3
id: 35


0.000000
3
id: 36


0.000000
3
id: 37


0.000000
3
id: 38


0.000000
3
id: 39


0.000000
3
id: 40


0.000000
3
id: 41


0.000000
3
id: 42


0.000000
3
id: 43


0.000000
3
id: 44


0.000000
3
id: 45


0.000000
3
id: 46


0.000000
3
id: 47


0.000000
3
id: 48


0.000000
3
id: 49


0.000000
3
id: 50


0.000000
3
id: 51


0.000000
3
id: 52


0.000000
3
id: 53


0.000000
3
id: 54


0.000000
3
id: 55


0.000000
3
id: 56


0.000000
3
id: 57


0.000000
3
id: 58


0.000000
3
id: 59


0.000000
3
id: 60


0.000000
3
id: 61


0.000000
3
id: 62


0.000000
3
id: 63


0.000000
3
id: 64


0.000000
3
id: 65


0.000000
3
id: 66


0.000000
3
id: 67


0.000000
3
id: 68


0.000000
3
id: 69


0.000000
3
id: 70


0.000000
3
id: 71


0.000000
3
id: 72


0.000000
3
id: 73


0.000000
3
id: 74


0.000000
3
id: 75


0.000000
3
id: 76


0.000000
3
id: 77


0.000000
3
id: 78


0.000000
3
id: 79


0.000000
3
id: 80


0.000000
3
id: 81


0.000000
3
id: 82


0.000000
3
id: 83


0.000000
3
id: 84


0.000000
3
id: 85


0.000000
3
id: 86


0.000000
3
id: 87


0.000000
3
id: 88


0.000000
3
id: 89


0.000000
3
id: 90


0.000000
3
id: 91


0.000000
3
id: 92


0.000000
3
id: 93


0.000000
3
id: 94


0.000000
3
id: 95


0.000000
3
id: 96


0.000000
3
id: 97


0.000000
3
id: 98


0.000000
3
id: 99


0.000000
3
id: 100


0.000000
3
id: 101


0.000000
3
id: 102


0.000000
3
id: 103


0.000000
3
id: 104


0.000000
3
id: 105


0.000000
3
id: 106


0.000000
3
id: 107


0.000000
3
id: 108


0.000000
3
id: 109


0.000000
3
id: 110


0.000000
3
id: 111


0.000000
3
id: 112


0.000000
3
id: 113


0.000000
3
id: 114


0.000000
3
id: 115


0.000000
3
id: 116


0.000000
3
id: 117


0.000000
3
id: 118


0.000000
3
id: 119


0.000000
3
id: 120


0.000000
3
id: 121


0.000000
3
id: 122


0.000000
3
id: 123


0.000000
3
id: 124


0.000000
3
id: 125


0.000000
3
id: 126


0.000000
3
id: 127


0.000000
3
id: 128


0.000000
3
id: 129


0.000000
3
id: 130


0.000000
3
id: 131


0.000000
3
id: 132


0.000000
3
id: 133


0.000000
3
id: 134


0.000000
3
id: 135


0.000000
3
id: 136


0.000000
3
id: 137


0.000000
3
id: 138


0.000000
3
id: 139


0.000000
3
id: 140


0.000000
3
id: 141


0.000000
3
id: 142


0.000000
3
id: 143


0.000000
3
id: 144


0.000000
3
id: 145


0.000000
3
id: 146


0.000000
3
id: 147


0.000000
3
id: 148


0.000000
3
id: 149


0.000000
3
id: 150


0.000000
3
id: 151
abc
def ghi jkl
2137.000000
5
id: 0
prosze dzialaj
prosze dzialaj
9999.000000
0
id: 0
